5
11
12
13
14
16
18
22
24
25
28
33
35
38
58
59
65
66
69
70
71
73
74
75
76
77
78
79
80
85
87
89
90
95
96
98
100
103
105
106
107
111
114
115
116
117
118
120
121
122
134
137
141
142
152
153
154
155
157
161
162
163
165
167
168
169
170
172
174
176
177
179
180
182
184
186
187
189
193
196
197
199
200
201
203
205
207
214
215
217
218
219
226
227
231
235
238
240
242
243
245
251
253
254
257
261
268
272
274
277
278
280
285
292
296
297
298
302
306
310
314
319
320
322
326
329
330
331
334
338
345
348
350
364
377
380
388
391
392
393
395
398
400
401
403
409
411
414
415
421
423
424
425
429
431
433
435
440
451
453
454
455
462
470
473
479
489
492
496
497
500
503
504
508
509
510
512
522
524
525
526
533
534
544
547
549
550
557
558
559
562
563
568
577
578
580
581
584
585
586
587
588
590
591
592
594
595
597
601
602
603
604
605
606
607
608
612
613
615
616
617
619
621
622
627
628
629
634
639
640
641
642
644
646
650
652
654
657
658
660
663
664
667
668
671
672
673
674
675
676
679
680
681
682
686
687
688
691
693
694
698
699
700
703
707
708
709
710
711
712
713
714
744
745
746
747
752
754
755
762
764
765
767
768
769
771
772
773
782
783
786
787
788
790
792
794
795
796
801
802
807
808
809
810
812
813
816
817
818
819
820
821
824
834
837
838
840
841
846
849
853
854
855
857
859
860
861
862
863
864
865
866
869
872
873
874
879
881
888
889
913
920
921
924
925
926
927
928
935
943
944
948
950
951
953
954
955
956
957
978
990
1018
1024
1051
1088
1090
1091
1103
1116
1124
1125
1164
1165
1213
1245
1246
1248
1250
1259
1262
1265
1266
1268
1271
1272
1273
1359
1360
1365
1366
1368
1369
1370
1372
1381
1389
1402
1408
1415
1417
1422
1427
1428
1429
1430
1440
1443
1452
1487
1491
1493
1495
1497
1499
1523
1535
1537
1538
1542
1547
1551
1562
1571
1572
1573
1574
1576
1577
1578
1581
1584
1586
1587
1588
1593
1597
1598
1613
1620
1621
1624
1635
1636
1637
1639
1640
1642
1645
1646
1648
1656
1667
1669
1677
1683
1685
1690
1691
1701
1705
1717
1722
1724
1726
1729
1734
1735
1770
1771
1777
1788
1792
1813
1817
1819
1824
1830
1831
1832
1833
1844
1850
1852
1858
1865
1878
1880
1883
1885
1887
1891
1892
1893
1894
1895
1900
1903
1904
1907
1909
1911
1913
1921
1924
1927
1930
1931
1934
1946
1947
1948
1949
1951
1954
1955
1957
1961
1966
1969
1970
1975
1979
1985
1988
1989
1995
1996
1997
2001
2013
2018
2022
2023
2024
2026
2034
2043
2044
2048
2055
2056
2057
2059
2062
2067
2069
2074
2080
2085
2088
2100
2105
2112
2114
2116
2118
2119
2122
2123
2133
2135
2140
2142
2148
2155
2157
2162
2163
2176
2185
2207
2251
2252
2253
2255
2266
2268
2270
2275
2277
2280
2288
2289
2292
2293
2294
2295
2300
2309
2310
2320
2355
2359
2428
2453
2454
2486
2493
2501
2502
2503
2539
2567
2575
2604
2610
2619
2621
2636
2637
2639
2642
2649
2652
2655
2662
2666
2669
2675
2687
2698
2749
2755
2756
2757
2770
2787
2789
2832
2898
2900
2907
2925
2959
2976
2977
3021
3033
3034
3049
3050
3093
3116
3131
3132
3172
3291
3489
3509
3512
3536
3580
3594
3595
3597
3600
3604
3638
3682
3683
3877
3902
3933
3981
4011
4012
4105
4108
4133
4147
4148
4232
4233
4234
4244
4248
4256
4257
4258
4327
4347
4348
4349
4379
4380
4421
4442
4464
4476
4477
4512
4513
4515
4517
4518
4523
4547
4551
4553
4566
4584
4597
4599
4614
4638
4723
4806
4824
4836
4858
4911
4912
4922
4929
4942
4944
4951
4958
4959
4964
4967
4970
4982
4995
4997
5038
5123
5125
5137
5172
5174
5175
5176
5236
5255
5279
5393
5491
5503
5550
5551
5559
5722
5769
5780
5820
5852
5854
5876
5902
5915
5955
5966
6023
6038
6068
6073
6114
6116
6171
6278
6282
6415
6435
6439
6466
6477
6479
6488
6519
6520
6538
6552
6557
6575
6615
6639
6687
6795
6877
6947
6950
6957
6961
6963
6964
6972
6973
6977
6978
7191
7214
7220
7278
7288
7299
7303
7304
7305
7326
7341
7345
7350
7364
7443
7445
7446
7450
7451
7453
7459
7461
7484
7485
7501
7510
7512
7516
7518
7552
7553
7737
7859
7870
7873
7874
7942
7980
8007
8009
8012
8046
8051
8053
8054
8055
8065
8068
8077
8078
8080
8090
8095
8141
8195
8197
8198
8202
8204
8224
8247
8271
8273
8285
8291
8292
8321
8328
8337
8338
8355
8358
8363
8367
8373
8374
8386
8409
8413
8427
8452
8456
8461
8467
8469
8470
8487
8488
8489
8536
8584
8587
8592
8618
8619
8643
8645
8656
8665
8676
8681
8688
8698
8699
8741
8780
8810
8814
8818
8831
8834
8835
8836
8839
8840
8842
8843
8848
8849
8850
8854
8859
8870
8871
8872
8874
8909
8914
8916
8920
8922
8944
8952
8960
8961
8963
8966
8967
8970
8975
8976
8978
8984
8988
8998
8999
9007
9008
9009
9012
9013
9016
9021
9023
9029
9030
9032
9036
9042
9067
9072
9087
9093
9095
9100
9208
9257
9266
9268
9271
9273
9276
9277
9279
9280
9281
9285
9286
9289
9290
9291
9292
9294
9297
9303
9306
9310
9312
9315
9327
9331
9334
9335
9336
9339
9341
9342
9344
9348
9350
9352
9353
9355
9357
9358
9360
9361
9362
9366
9374
9381
9383
9384
9387
9388
9389
9390
9398
9400
9408
9414
9422
9424
9425
9427
9428
9429
9430
9437
9443
9444
9447
9448
9452
9454
9455
9457
9469
9471
9472
9476
9481
9486
9487
9488
9489
9490
9493
9495
9502
9504
9509
9515
9516
9532
9533
9535
9541
9543
9544
9548
9549
9552
9557
9562
9563
9566
9567
9570
9571
9573
9574
9576
9582
9593
9594
9598
9600
9607
9610
9614
9615
9616
9618
9619
9620
9621
9624
9626
9631
9637
9641
9645
9654
9655
9656
9659
9664
9665
9667
9672
9675
9676
9679
9682
9685
9691
9693
9697
9700
9701
9703
9705
9718
9726
9730
9737
9741
9754
9759
9760
9762
9766
9767
9770
9772
9778
9781
9787
9792
9794
9798
9799
9800
9801
9802
9804
9806
9809
9813
9816
9823
9824
9825
9826
9833
9836
9837
9842
9849
9869
9870
9877
9879
9880
9882
9884
9889
9890
9894
9895
9896
9899
9902
9903
9906
9907
9913
9919
9920
9922
9923
9928
9932
9942
9944
9946
9947
9950
9952
9954
9962
9963
9975
9978
9981
9982
9986
9988
9989
9992
10003
10012
10013
10014
10016
10017
10022
10024
10025
10027
10028
10029
10030
10047
10048
10052
10053
10054
10060
10061
10065
10067
10068
10069
10072
10073
10077
10090
10092
10096
10117
10131
10132
10135
10136
10137
10138
10139
10140
10147
10152
10153
10156
10159
10160
10163
10184
10185
10186
10187
10189
10191
10192
10193
10195
10196
10197
10198
10199
10200
10201
10202
10204
10207
10208
10215
10217
10218
10220
10225
10229
10246
10253
10269
10288
10307
10312
10313
10314
10315
10316
10317
10320
10327
10329
10330
10333
10336
10358
10362
10364
10366
10368
10375
10377
10384
10385
10386
10388
10397
10398
10400
10402
10414
10425
10426
10428
10431
10436
10439
10448
10461
10471
10476
10477
10478
10481
10483
10488
10490
10501
10521
10523
10527
10528
10530
10533
10534
10537
10545
10550
10555
10559
10560
10564
10567
10571
10577
10585
10586
10589
10590
10591
10592
10611
10622
10623
10625
10629
10632
10634
10637
10646
10647
10656
10658
10661
10663
10673
10674
10676
10678
10681
10683
10684
10691
10696
10707
10708
10712
10715
10718
10719
10724
10731
10733
10734
10756
10761
10762
10764
10774
10776
10782
10796
10802
10808
10858
10861
10865
10866
10871
10873
10876
10877
10878
10890
10894
10923
10935
10950
10956
10972
10982
10987
10992
10996
10998
10999
11001
11007
11013
11015
11022
11026
11033
11036
11051
11058
11066
11086
11090
11091
11093
11096
11128
11130
11132
11141
11153
11170
11172
11186
11208
11212
11217
11228
11237
11240
11247
11249
11253
11257
11258
11260
11282
11283
11284
11287
11302
11306
11313
11321
11322
11323
11324
11336
11351
11358
11362
11363
11370
11371
11375
11377
11386
11395
11397
11398
11400
11411
11412
11431
11439
11442
11451
11452
11453
11456
11459
11460
11468
11478
11495
11507
11517
11519
11529
11543
11544
11545
11551
11560
11561
11565
11577
11586
11592
11596
11601
11615
11618
11619
11622
11631
11632
11635
11637
11638
11644
11648
11661
11665
11667
11678
11679
11683
11688
11690
11692
11699
11702
11775
11778
11780
11802
11804
11812
11823
11831
11835
11836
11843
11858
11863
11866
11870
11873
11892
11901
11917
11918
11932
11967
11968
11969
11973
11975
11977
11978
11979
11980
12088
12090
12094
12100
12103
12106
12107
12113
12120
12123
12133
12138
12142
12144
12149
12150
12153
12155
12158
12159
12160
12162
12163
12177
12182
12193
12201
12212
12220
12227
12244
12257
12277
12279
12281
12403
12404
12412
12429
12437
12498
12508
12535
12569
12573
12589
12610
12618
12620
12634
12657
12690
12704
12763
12771
12779
12819
12837
13006
13027
13051
13053
13056
13067
13072
13075
13090
13092
13150
13154
13155
13183
13184
13197
13223
13279
13282
13335
13342
13370
13374
13389
13405
13408
13435
13448
13460
13475
13476
13483
13490
13495
13496
13497
13508
13515
13523
13536
13537
13596
13600
13680
13685
13700
13751
13788
13805
13809
13811
13812
13820
13836
13856
13888
13920
13922
13937
13938
13948
13950
13960
13967
13972
13973
13990
13996
14012
14024
14047
14112
14113
14144
14160
14161
14175
14177
14181
14191
14199
14256
14271
14283
14292
14306
14324
14325
14351
14359
14369
14396
14405
14411
14425
14429
14434
14435
14442
14444
14462
14517
14536
14560
14574
14578
14623
14635
14729
14736
14799
14811
14836
14846
14869
14873
15005
15028
15037
15049
15070
15074
15092
15121
15186
15189
15198
15256
15268
15301
15373
15487
15512
15568
15624
15644
15647
15655
15673
15708
15745
15992
16052
16072
16148
16158
16161
16162
16172
16222
16232
16281
16288
16290
16320
16323
16337
16340
16406
16523
16538
16558
16577
16608
16614
16617
16620
16643
16651
16690
16769
16784
16866
16869
16871
16888
16995
16996
17047
17113
17127
17130
17134
17202
17277
17332
17339
17379
17431
17436
17578
17610
17707
17708
17711
17813
17834
17880
17926
17979
18041
18126
18162
18239
18240
18254
18320
18360
18405
18487
18501
18533
18550
18615
18777
18785
18823
18892
18923
18937
18947
19084
19255
19265
19585
19898
19899
19901
19908
19913
19959
19994
19995
20009
20024
20178
20352
20391
20483
20504
20526
20533
20616
20662
20697
20737
20761
20763
20764
20766
20794
20829
20856
20857
20943
21208
21301
21349
21610
21612
21755
22074
22215
22256
22267
22314
22345
22538
22556
22787
22794
22796
22798
22803
22804
22821
22824
22825
22832
22881
22894
22897
22907
22947
22949
22954
22970
22971
22972
23048
23049
23082
23168
23172
23330
23367
23398
23479
23483
23629
23631
23685
23706
23730
23742
23759
24021
24066
24100
24137
24150
24226
24227
24266
24418
24420
24428
24438
24469
24684
24748
24803
24940
24973
25066
25132
25166
25195
25196
25520
25643
25704
25719
25763
25793
25941
26039
26268
26306
26352
26388
26389
26390
26428
26602
26672
26688
26748
27004
27022
27191
27205
27549
27569
27573
27576
27578
27579
27581
27582
27585
27586
27759
28053
28089
28178
28211
28355
28932
29076
29193
29427
29715
29963
30315
30943
30973
31005
31175
31246
31867
31909
32316
32456
32657
32823
32856
33157
33217
33542
33644
33676
33870
33909
34016
34314
34549
34563
34584
34769
34806
34813
34851
35019
35056
35169
35688
35791
36355
36419
36557
36586
36593
36643
36647
36648
36657
36658
36668
36669
36670
36691
36696
36819
36955
37137
37165
37233
37495
37686
37710
37724
37735
37786
37799
37821
37834
37931
37950
37958
38050
38055
38073
38117
38153
38167
38303
38317
38319
38321
38322
38356
38357
38363
38365
38448
38541
38579
38665
38745
38757
38778
39013
39141
39209
39254
39451
39486
39513
39514
39538
39691
39781
39800
39806
39939
40001
40264
40805
40807
41154
41210
41216
41283
41402
41439
41446
41479
41513
41515
41630
41733
41823
42188
42297
42345
42807
42888
43074
43347
43539
43593
43923
43931
43933
43935
43947
43959
44009
44040
44048
44113
44115
44147
44214
44264
44564
44603
44638
44639
44754
44826
44833
44835
44896
44912
44943
44945
45132
45243
45269
45272
45317
45324
45610
45612
45658
46195
46261
46332
46528
46529
46705
46829
46838
46849
46889
47088
47327
47502
47889
47890
47933
47964
48034
48138
48171
48231
48289
48309
48572
48988
49013
49017
49018
49021
49022
49026
49040
49047
49049
49051
49444
49471
49519
49520
49521
49524
49526
49527
49529
49530
49538
49730
49852
49948
49950
50014
50321
50348
50359
50456
50544
50546
50620
50646
50647
50725
50780
50839
51162
51497
51540
51588
51828
52015
52449
52451
52520
53182
54054
54138
54580
55301
55347
55465
55720
55721
55779
55787
56288
56292
56601
57089
57119
57157
57158
57165
57201
57212
57214
57431
57800
58151
58224
58233
58431
58574
58595
58680
58882
59108
59436
59440
59678
59728
59859
59860
59861
59961
59962
59965
59967
59968
59981
60304
60307
60308
60309
60420
60422
60599
61012
61752
61791
61891
62177
62204
62206
62211
62213
62214
62215
62630
62764
62835
62837
62838
63020
63492
64328
64639
64682
64685
64686
64688
64689
64690
64720
64807
65055
65057
65086
65754
65759
67660
67675
67913
68179
68718
68721
68722
68724
68726
68727
68728
68734
68735
68737
68812
68924
69668
70074
70160
70435
70436
70868
70981
71469
71552
71676
71679
71688
71859
71880
72105
72113
72190
72197
72207
72331
72358
72387
72431
72545
72559
72570
72710
72976
73247
73567
73873
73937
74465
74534
74643
75174
75531
75612
75638
75656
75674
75780
75900
76025
76163
76170
76203
76285
76338
76341
76349
76489
76492
76493
76494
76617
76649
76726
76757
76758
77016
77174
77866
77877
77930
77931
77948
77949
77950
77951
77987
78149
78698
79694
79777
80035
80274
80278
80321
80585
81005
81188
81796
81836
82505
82507
82525
82532
82650
82654
82675
82679
82682
82687
82690
82693
82695
82696
82700
82702
82703
83542
83666
83686
83770
84174
84200
84329
84332
84355
84892
85350
86825
86829
86834
86838
87093
87101
87421
87428
87499
87502
87567
87729
87818
87827
88005
88036
88042
88641
88751
88794
89492
91070
91314
92591
93456
94348
96399
96721
97020
97367
97370
97430
97614
97630
98357
98566
99861
100042
100241
100402
101173
101299
102382
102651
102899
103620
103731
104755
105864
106646
106747
107811
107846
107985
109091
109414
109417
109418
109421
109424
109428
109431
109443
109445
109451
109491
109513
110415
111190
113947
114150
116149
116613
116711
116741
116745
117251
117263
118340
118452
119283
119450
120467
121826
122081
122917
123553
124459
126319
127493
127560
127585
129139
129670
130150
131631
131634
132232
132344
132363
133694
133805
134374
134411
135397
136400
136795
136797
136835
137093
137094
137106
137113
137321
138103
138832
138843
139038
140300
140823
144336
144340
145220
146198
146227
146233
146238
146239
146304
147441
147773
150540
150689
152532
152599
152601
152737
152742
152747
152760
153518
156022
157336
157350
157353
157386
157544
157547
157841
157847
157849
158011
158015
158852
159824
160588
162903
164457
166424
167073
168259
168530
168672
168705
169917
170687
171274
172385
172391
174751
175528
175541
175574
176124
177572
177677
181283
181533
184098
184315
187017
188207
188927
190859
190955
192102
192136
192141
193610
193756
193893
194662
195589
196867
198184
198185
198277
198663
199373
199933
200505
201088
203801
204082
204922
205220
205584
205587
205596
205775
206647
208134
209112
209403
209451
210577
210860
211672
214756
216015
216282
218043
218778
222899
222935
222936
223702
224141
225565
225574
225886
226486
226857
227156
227159
227306
227719
227735
228066
228150
228161
228165
228194
228326
228967
228970
230266
231576
232672
232679
234212
236751
238615
238636
239563
239571
239573
239678
240832
241239
241251
241254
241259
241554
241771
242095
242512
242582
243938
243940
244783
244786
245703
245916
246403
246655
249164
250124
250349
250546
251321
252512
252680
253235
253331
253412
254128
254470
254473
254904
255343
256591
256917
256924
256961
256962
257088
257091
257211
257344
257445
258489
259693
259694
260346
261023
262500
262504
264644
264656
264660
264999
266396
266647
266856
267860
267935
268238
268920
270487
270946
271110
271718
271969
272693
272878
273248
273481
273895
273899
274167
274479
274854
276907
277216
278927
280092
281957
284293
284536
285783
285923
286217
287424
287903
287948
290595
290751
291270
291805
291870
293646
293660
293863
294254
294272
295964
296096
296098
296099
297761
298312
299687
300168
300671
300673
301351
301365
301748
302156
302699
303858
304357
306745
307081
308531
308639
309809
310131
312221
313922
314365
314385
315664
316152
316727
318846
318850
319888
321697
321741
323675
323676
323677
324668
325133
325789
328111
328387
328425
329833
331190
333348
333371
335778
336004
339408
339984
342521
343795
345911
351819
376659
417859
