3
4
13
18
19
31
32
33
48
49
52
53
62
63
64
65
85
103
109
110
112
113
114
116
118
131
133
134
138
139
140
147
150
190
192
193
204
205
206
207
212
227
228
287
290
326
335
349
350
352
368
378
380
382
388
418
448
449
452
454
477
500
501
504
514
515
517
518
519
520
524
529
530
532
534
537
539
540
569
655
658
707
738
742
776
783
819
824
879
880
883
884
886
887
925
934
935
938
941
955
973
974
976
980
1003
1037
1038
1062
1064
1100
1117
1118
1121
1125
1158
1160
1173
1204
1205
1210
1211
1229
1230
1231
1233
1241
1244
1245
1246
1248
1269
1271
1276
1283
1294
1295
1327
1331
1333
1336
1369
1370
1372
1461
1462
1473
1532
1533
1535
1542
1579
1639
1640
1646
1665
1733
1736
1748
1749
1771
1772
1810
1811
1813
1892
1893
1894
1896
1897
1903
1907
1910
1920
1922
1923
1925
1951
1954
1979
1981
1983
1986
1989
2037
2038
2039
2047
2053
2076
2109
2130
2144
2157
2176
2178
2192
2201
2219
2220
2221
2224
2227
2228
2229
2230
2231
2232
2282
2283
2295
2296
2299
2320
2372
2387
2395
2440
2441
2449
2453
2461
2505
2518
2524
2535
2628
2632
2641
2712
2714
2778
2876
2882
2888
2954
2955
2956
2963
2975
2983
3036
3037
3051
3061
3063
3085
3087
3092
3127
3129
3131
3136
3141
3196
3197
3211
3223
3234
3291
3293
3392
3416
3417
3489
3490
3491
3636
3713
3798
3801
3810
3872
3894
3895
3896
3897
3905
3910
3911
3926
3967
3968
3977
3982
4029
4038
4135
4173
4175
4201
4238
4252
4391
4443
4483
4491
4492
4495
4496
4512
4515
4566
4581
4587
4589
4688
4690
4691
4724
4726
4756
4764
4783
4784
4785
4808
4886
4935
4937
5048
5049
5064
5081
5139
5149
5151
5170
5292
5293
5294
5309
5344
5365
5384
5411
5414
5469
5472
5502
5530
5538
5576
5587
5657
5658
5694
5723
5724
5726
5823
5916
5953
6008
6065
6066
6161
6162
6164
6193
6197
6199
6383
6384
6413
6486
6573
6574
6613
6614
6692
6730
6751
6752
6807
6832
6856
6860
6885
6886
6905
6908
6941
6944
6949
6951
6952
6968
6972
7026
7056
7060
7090
7132
7166
7180
7210
7248
7399
7401
7404
7447
7486
7489
7497
7499
7517
7624
7796
7868
7904
7906
7907
7908
8167
8169
8170
8171
8177
8191
8211
8265
8289
8293
8329
8335
8349
8396
8436
8447
8534
8536
8655
8691
8767
8783
8784
8785
8854
8891
8924
8930
8944
8984
8986
9029
9030
9046
9048
9137
9188
9191
9273
9278
9281
9464
9575
9599
9642
9656
9657
9777
9778
9779
9780
9781
9788
9827
9828
9874
9878
9880
9906
10017
10127
10132
10182
10205
10222
10297
10401
10430
10489
10690
10696
10697
10814
10823
10825
10859
10872
10882
10959
10978
10980
10983
10990
10993
11006
11064
11066
11107
11108
11109
11148
11155
11159
11160
11161
11180
11184
11207
11275
11276
11315
11355
11356
11357
11398
11477
11512
11514
11616
11661
11662
11664
11678
11701
11702
11703
11705
11769
11856
11863
11864
11870
11885
12052
12073
12074
12077
12080
12098
12111
12122
12132
12133
12217
12371
12438
12519
12536
12797
12799
12834
12835
12898
12900
13014
13023
13240
13242
13524
13525
13550
13636
13726
13922
13936
14329
14343
14405
14406
14721
14888
15009
15011
15033
15091
15111
15152
15250
15277
15440
15661
15735
15758
15760
15831
15852
15854
15900
16165
16429
16431
16460
16483
16828
16851
16861
16866
16937
16940
17005
17039
17051
17064
17140
17141
17142
17178
17183
17194
17265
17276
17286
17287
17288
17289
17303
17328
17401
17402
17419
17449
17485
17604
17605
17628
17637
17647
17696
17697
17764
17773
17832
17835
17859
17881
18050
18070
18082
18262
18269
18277
18284
18288
18324
18471
18472
18473
18792
18897
18918
18973
18976
18979
18997
18999
19152
19159
19274
19278
19292
19303
19453
19487
19489
19492
19498
19537
19754
19767
19839
19957
20089
20189
20212
20220
20286
20309
20387
20562
20582
20644
20750
20753
20761
20766
20818
20904
20982
21007
21028
21029
21088
21089
21125
21127
21131
21134
21163
21197
21200
21593
21657
21731
22122
22132
22226
23532
23626
23659
23967
24045
25072
25540
26457
26485
26510
27031
27105
27319
27578
27740
27752
27972
28633
28638
28640
28641
28847
29214
29222
29930
30488
30614
31028
31164
31512
31531
31717
32895
32907
33192
33235
33654
35013
35029
35159
35219
35705
36422
36424
36662
36801
37204
37917
38334
38582
38673
38951
39388
39390
40036
40377
40462
40481
40543
41020
41087
41088
41091
41419
41686
41798
42993
43120
43366
43775
44127
44735
46074
46593
47468
50217
50463
51072
51298
51329
51456
51944
51990
52414
52699
52792
52801
52851
52852
52885
52997
53252
53256
53573
53650
53714
54691
54693
54697
55085
55470
55536
55636
55638
55755
56322
56323
56614
56731
56734
56890
56902
56903
57599
57755
58224
58225
58393
58563
59233
59315
59784
59841
60074
60279
60875
60881
60949
60950
60959
61607
61704
61981
62064
62066
62831
62861
62862
63522
64342
65717
65731
65827
67773
68180
68842
69597
70851
71070
71403
71580
72129
72466
73421
73457
73931
74036
74242
74541
74568
76512
77335
78029
78317
78729
78798
79072
81681
81685
83002
83586
84223
84493
84495
86237
86626
109869
125025
129868
141762
221581
298410
928638
996701
1202534
1213786
1340664
1360008
1363049
1480047
1574936
1752319
